1191
1 134
2 78
2 232
2 818
3 452
4 385
5 491
6 164
6 264
6 340
6 379
6 719
6 770
6 937
7 465
8 225
9 1133
10 63
11 463
12 455
13 14
13 229
14 212
14 261
14 337
14 389
14 402
14 793
14 810
14 868
14 1166
15 455
16 590
17 241
17 264
17 346
17 396
17 520
17 561
17 582
17 602
17 612
17 622
17 625
17 661
17 724
17 754
17 919
17 923
17 978
17 983
17 1000
17 1036
17 1051
17 1074
17 1093
17 1145
17 1187
18 430
19 455
20 200
21 1179
22 98
23 465
24 131
25 58
25 930
26 748
27 469
28 238
29 78
29 335
29 556
29 783
29 892
30 392
31 195
32 134
33 529
34 63
35 51
36 117
36 173
37 530
38 469
39 469
40 237
40 1121
41 134
42 455
43 134
44 740
45 824
46 455
47 452
48 167
49 249
49 276
49 320
49 853
50 976
51 229
51 352
51 430
51 840
51 885
51 992
51 1081
51 1188
52 993
53 392
54 469
55 392
56 430
57 242
57 262
57 443
57 505
57 581
57 743
57 798
57 878
57 912
57 1060
57 1071
57 1092
58 313
58 548
58 663
58 673
58 681
58 814
58 917
58 1090
59 134
60 455
61 466
62 466
63 122
63 148
63 222
63 235
63 263
63 302
63 305
63 431
63 501
63 567
63 600
63 611
63 702
63 712
63 836
64 686
65 468
66 457
66 694
66 971
67 452
68 465
69 127
70 784
71 127
72 466
73 455
74 859
75 215
76 452
77 516
78 133
78 327
78 481
78 1039
78 1066
79 430
80 238
81 238
82 215
83 309
84 316
85 309
86 309
87 455
88 316
89 215
90 681
90 710
91 610
92 134
93 862
94 430
95 134
96 1154
97 174
97 442
98 169
98 206
98 218
98 270
98 274
98 322
98 344
98 391
98 401
98 445
98 513
98 635
98 644
98 662
98 675
98 678
98 739
98 767
98 850
98 869
98 892
98 944
98 1027
98 1049
98 1130
98 1178
98 1184
99 249
99 289
99 313
99 439
99 483
99 506
99 554
99 562
99 569
99 572
99 601
99 798
99 1031
99 1032
99 1061
100 379
100 514
100 540
100 599
100 708
100 961
101 308
101 433
101 511
101 524
101 562
101 698
101 875
101 877
101 1016
101 1044
102 755
102 862
103 455
104 1129
105 466
106 527
107 748
108 812
109 1179
110 455
111 467
112 473
113 134
114 507
115 1015
116 493
116 651
116 750
116 827
116 1020
116 1023
116 1047
116 1069
116 1142
116 1146
116 1157
116 1180
117 343
117 488
117 634
117 669
117 674
117 727
117 776
117 781
117 804
117 834
117 838
117 1048
117 1101
117 1103
117 1104
117 1137
117 1169
118 665
118 833
119 230
120 736
121 475
121 1129
122 173
123 469
124 452
125 203
125 315
125 398
125 1068
125 1140
126 837
126 939
127 300
127 547
127 686
127 835
127 900
127 1127
127 1168
128 187
128 498
128 666
128 839
129 207
129 259
129 311
129 344
129 393
129 843
129 899
130 163
130 465
130 484
130 605
131 150
131 446
131 658
131 662
131 722
131 1075
132 296
132 392
133 922
134 145
134 168
134 171
134 181
134 193
134 250
134 251
134 258
134 268
134 269
134 275
134 279
134 333
134 361
134 363
134 381
134 411
134 416
134 419
134 576
134 577
134 607
134 615
134 655
134 656
134 709
134 771
134 829
134 854
134 855
134 867
134 882
134 928
134 998
134 1003
134 1079
134 1115
135 174
135 735
135 926
136 455
137 707
138 298
139 215
140 455
141 529
142 392
143 463
144 737
144 1021
146 200
147 748
149 681
151 696
151 753
152 530
152 631
152 939
153 238
154 238
155 463
156 469
157 280
157 309
158 583
159 465
160 671
161 466
162 753
165 707
166 466
167 479
167 929
170 231
172 471
173 679
173 866
173 1138
173 1143
174 530
174 671
174 693
174 807
174 963
175 753
176 457
177 448
177 861
177 888
177 1008
178 379
179 736
180 316
182 309
183 469
184 309
185 527
186 610
187 386
187 531
188 527
189 466
190 659
191 583
192 962
194 832
195 205
195 220
195 347
195 359
195 502
195 558
195 609
195 635
195 763
195 796
195 856
195 949
195 950
195 1128
196 849
197 215
198 316
199 455
200 532
200 683
200 749
200 768
200 815
200 973
200 1028
201 388
201 599
201 1106
201 1120
202 509
202 660
202 859
203 238
203 309
203 379
203 512
203 620
203 762
203 765
203 817
203 881
203 997
204 610
208 280
209 392
210 407
211 466
213 441
213 787
213 808
213 940
213 954
213 985
213 1070
213 1073
214 215
215 297
215 328
215 342
215 403
215 889
215 1097
216 350
217 528
219 753
221 463
223 298
224 455
225 788
225 997
226 392
227 469
228 455
229 616
229 1094
230 457
230 759
231 324
231 736
233 466
234 248
236 455
237 597
237 989
238 243
238 329
238 368
238 380
238 453
238 483
238 489
238 510
238 553
238 1004
238 1108
239 666
240 583
244 585
245 748
246 316
247 939
248 715
248 762
249 541
249 590
249 1136
252 587
253 574
254 536
254 880
254 897
254 934
254 945
254 1015
254 1076
254 1131
255 753
256 470
257 583
260 455
265 1015
266 610
267 531
271 462
272 471
273 452
277 631
278 379
280 699
281 309
282 457
283 631
284 466
285 452
285 865
285 921
285 1088
285 1125
286 748
287 455
288 549
288 579
289 753
290 753
291 462
292 455
293 590
294 455
295 455
296 603
298 555
298 578
298 579
298 580
298 736
298 913
298 1172
299 654
301 455
303 457
304 455
306 531
307 473
309 426
309 494
309 568
309 646
309 647
309 650
309 652
309 731
309 791
309 927
309 1116
310 590
312 465
313 862
314 392
316 373
316 383
316 441
316 519
316 545
316 546
316 938
316 1057
317 455
318 455
319 583
321 587
322 1161
323 353
323 407
325 610
326 594
330 587
331 452
331 986
332 342
333 473
334 466
336 466
338 465
339 751
341 696
342 392
342 464
342 748
343 1015
343 1121
344 585
344 737
345 468
348 392
349 753
350 736
351 469
354 459
355 471
356 686
357 528
358 666
360 457
362 465
364 413
364 684
365 455
366 376
367 392
369 594
370 730
371 455
372 455
374 438
374 478
374 811
374 916
375 736
375 953
375 1029
375 1164
376 452
376 716
376 1098
376 1139
377 455
378 481
378 982
379 871
382 527
384 458
384 707
385 500
385 504
385 538
385 994
385 996
385 999
385 1176
387 457
390 455
392 410
392 474
392 536
392 645
392 653
392 742
392 777
392 809
392 821
392 951
392 1046
392 1084
392 1122
392 1159
392 1171
392 1186
394 586
395 1104
397 1179
399 681
400 463
403 495
404 406
404 407
405 832
407 516
407 820
407 905
407 908
407 956
408 585
409 587
412 465
413 975
414 509
414 594
414 764
414 988
415 430
417 455
418 837
420 748
421 465
422 588
423 455
424 455
425 590
427 455
428 849
429 455
430 469
430 619
430 680
430 713
430 733
430 828
430 946
430 969
430 1173
432 465
434 730
435 469
436 465
437 466
440 527
441 696
441 1096
444 1052
447 1067
449 503
450 506
451 683
452 697
452 700
452 707
452 747
452 760
452 784
452 785
452 792
452 794
452 907
452 931
452 976
452 1078
452 1086
452 1160
453 704
453 730
453 740
454 480
454 492
454 823
455 461
455 490
455 496
455 518
455 542
455 566
455 572
455 596
455 608
455 621
455 648
455 701
455 705
455 717
455 789
455 825
455 915
455 995
455 1001
455 1007
455 1042
455 1144
456 1129
457 497
457 526
457 629
457 632
457 637
457 716
457 816
459 479
460 834
462 657
462 736
462 864
462 906
463 515
463 683
463 834
463 891
463 972
465 469
465 525
465 527
465 559
465 563
465 613
465 623
465 666
465 711
465 744
465 752
465 769
465 774
465 805
465 1085
465 1154
465 1185
466 469
466 565
466 570
466 571
466 592
466 595
466 617
466 691
466 706
466 790
466 886
466 902
466 920
466 1183
467 723
467 922
468 476
468 757
468 849
469 536
469 552
469 636
469 643
469 649
469 667
469 676
469 685
469 687
469 714
469 847
469 873
469 911
469 918
470 833
470 857
470 924
470 964
471 479
471 589
471 662
471 867
471 990
471 1191
472 539
472 892
477 708
478 575
478 1133
482 491
485 753
485 863
486 832
487 528
491 499
491 543
491 604
491 630
491 833
492 904
503 803
503 834
507 537
507 980
507 1133
507 1174
508 753
512 626
516 979
517 1099
521 528
522 718
523 586
524 529
524 659
527 534
528 560
528 641
528 651
528 662
528 812
528 830
528 851
528 948
528 958
528 1067
529 618
530 551
530 668
530 1022
530 1105
530 1133
530 1190
533 590
535 704
536 557
539 761
544 590
550 753
560 874
562 993
564 753
573 833
574 845
574 1012
574 1104
583 736
583 883
583 970
583 1017
583 1055
583 1063
583 1083
583 1111
583 1135
584 904
584 1148
586 862
586 887
586 967
586 1072
586 1151
587 606
587 624
587 756
587 779
587 780
587 1053
587 1089
587 1104
587 1109
587 1158
588 904
590 633
590 734
590 799
590 860
590 942
591 1129
593 1179
594 639
594 726
594 1129
598 740
601 718
610 738
610 772
610 844
610 1026
610 1129
614 753
624 1052
627 823
628 696
631 984
631 1167
638 696
639 884
640 704
642 753
651 1179
654 663
658 751
659 692
659 732
659 746
659 1038
659 1077
659 1087
659 1119
661 695
662 753
664 753
666 670
666 797
666 903
666 905
666 1114
666 1123
666 1189
671 782
671 852
671 935
671 955
672 837
677 718
681 800
681 914
681 1041
682 1052
684 686
686 753
686 1006
686 1043
688 753
689 784
690 707
693 832
693 1024
695 943
696 841
696 931
696 947
696 1005
696 1025
696 1091
696 1133
703 753
704 801
704 802
704 925
704 1129
706 1175
707 758
718 775
718 842
718 895
718 957
718 987
718 1002
718 1095
718 1163
718 1176
720 939
721 1162
725 981
728 845
728 1058
728 1059
728 1155
729 748
730 1010
730 1035
736 862
740 1124
740 1147
740 1152
741 1106
745 1104
748 778
748 846
748 872
748 896
748 941
748 1080
748 1177
753 806
753 813
753 819
753 824
753 870
753 876
753 879
753 909
753 936
753 959
753 977
753 1040
753 1050
753 1054
753 1056
753 1082
753 1102
753 1112
753 1117
753 1170
754 1162
766 863
773 851
786 1067
788 826
795 1136
798 1121
798 1182
807 888
807 1153
822 993
831 1136
832 893
832 1014
832 1019
832 1134
845 1156
848 851
849 939
857 862
858 1041
862 904
871 1126
872 1037
888 952
890 1161
894 962
898 982
901 1052
910 997
911 1099
922 962
932 1018
933 1067
939 1062
939 1165
949 1141
960 976
962 966
962 991
962 1107
962 1150
965 1154
968 1182
974 1067
981 1129
1004 1030
1009 1015
1011 1137
1013 1052
1015 1018
1015 1100
1032 1149
1033 1179
1034 1190
1045 1052
1052 1118
1064 1104
1065 1136
1086 1181
1110 1136
1113 1157
1121 1132
