98
16 37
1227 1266
1382 1388
1102 1112
292 294
715 717
894 914
429 457
1286 1312
991 1016
1238 1243
30 46
1215 1241
1146 1177
52 54
620 627
217 237
117 118
652 656
333 372
425 452
317 321
1273 1311
819 830
324 351
34 53
219 268
1291 1297
461 506
239 288
450 462
905 932
136 137
286 308
1117 1128
903 945
764 786
427 444
1237 1278
317 330
679 716
1356 1373
985 1023
169 185
1207 1241
1207 1233
1153 1167
566 586
86 95
536 562
1392 1427
1247 1264
1384 1401
870 887
227 269
245 261
126 139
798 802
888 916
511 527
1346 1380
636 681
119 164
1367 1397
1056 1064
952 962
888 919
357 359
681 728
629 647
488 534
302 303
319 363
922 924
1133 1144
760 804
1015 1061
860 864
1312 1359
1377 1396
1306 1334
1 26
799 846
371 382
1211 1219
665 675
1177 1207
1214 1261
187 190
112 146
863 895
481 518
752 796
1176 1222
1163 1207
197 216
723 761
64 107